953 587 2
26 1
841 2
782 1
912 2
233 1
205 1
128 1
245 2
400 2
804 1
159 2
353 2
494 2
865 1
406 1
584 1
595 1
74 2
78 1
95 2
29 2
554 1
850 2
569 1
198 2
466 1
829 1
544 2
359 2
600 2
831 2
421 1
457 2
304 1
290 1
328 1
746 1
700 1
273 2
778 1
235 2
786 1
303 2
816 1
605 1
601 1
670 1
666 1
616 2
972 2
99 1
143 2
778 1
25 2
898 1
555 1
778 1
721 2
485 1
693 1
639 1
519 1
815 1
238 2
205 2
880 1
902 2
232 2
599 2
822 1
709 2
20 1
685 2
576 1
361 2
245 2
303 2
872 1
734 1
10 2
704 2
264 1
912 2
749 1
463 2
750 1
268 2
233 1
568 2
56 1
579 1
421 1
973 2
888 1
224 2
97 2
83 2
904 2
197 2
703 1
591 2
103 1
603 2
894 1
580 1
162 1
967 1
973 1
836 2
171 1
440 2
122 2
196 2
554 1
457 1
964 1
739 1
526 2
311 1
381 2
903 1
760 1
757 1
645 2
673 2
472 2
926 1
995 1
763 2
315 1
132 1
837 1
856 2
22 1
363 1
818 2
201 2
88 2
642 2
723 2
200 2
432 1
733 2
236 1
931 1
948 2
568 2
502 2
3 2
524 1
931 1
495 1
540 2
57 2
406 1
761 1
727 1
703 1
146 2
623 1
79 2
546 1
684 2
90 2
593 1
913 2
549 1
125 2
908 1
899 2
909 1
346 1
705 1
747 1
698 2
500 1
862 1
984 2
658 1
982 2
253 2
469 2
932 1
894 1
39 2
524 2
223 2
546 1
364 2
280 1
234 1
863 1
862 1
202 2
298 1
220 1
848 1
27 2
364 1
194 1
746 1
378 1
115 1
299 1
233 2
31 2
913 2
934 1
68 2
798 2
314 2
192 1
418 1
59 1
776 2
889 1
472 2
906 1
948 2
586 1
298 1
228 2
272 1
636 1
63 2
922 2
986 1
345 1
999 1
101 1
668 1
358 1
798 1
875 2
429 1
299 1
932 2
523 1
874 2
186 2
702 1
8 2
750 2
80 1
155 1
106 2
727 2
61 1
922 1
735 2
794 2
955 1
318 1
723 1
560 2
333 1
885 1
448 1
630 2
86 1
241 2
690 1
405 2
401 1
691 1
290 1
884 1
780 1
183 2
904 2
155 2
863 2
239 1
447 1
720 2
968 1
412 1
682 1
34 1
362 2
450 2
318 1
230 1
728 2
477 2
147 1
939 2
766 2
397 2
762 2
266 1
499 1
787 1
266 1
821 1
247 2
635 1
234 1
115 1
255 2
596 1
276 2
641 1
725 2
475 1
224 1
848 2
471 2
490 2
666 2
132 1
946 1
343 1
118 2
241 2
418 1
865 1
989 2
359 2
981 2
161 1
85 2
362 2
677 1
252 1
75 2
232 2
196 2
40 2
95 1
565 1
876 2
264 1
786 1
888 2
964 2
347 1
883 1
272 1
750 1
284 1
215 2
256 2
171 1
305 2
755 1
330 2
779 1
446 2
158 2
604 2
551 1
489 2
377 1
329 1
90 1
852 1
862 2
113 1
903 2
836 2
737 1
162 1
468 1
49 2
173 1
345 1
243 2
970 2
888 2
399 1
338 2
929 1
128 2
94 1
545 1
630 1
95 1
755 1
886 2
101 1
720 1
166 2
158 1
350 2
691 1
896 1
346 2
105 1
927 2
308 2
216 1
434 1
288 2
933 2
189 2
162 2
286 1
328 2
861 2
31 1
480 1
480 1
407 1
943 2
559 2
751 2
636 1
699 1
603 2
915 1
65 2
954 2
159 1
329 1
417 2
844 2
897 2
74 2
789 1
940 2
440 2
393 1
810 1
113 1
110 1
802 1
768 1
464 2
330 1
412 2
500 1
576 1
316 1
920 2
219 2
564 2
392 1
850 2
72 1
8 2
500 2
563 1
741 1
955 1
495 2
836 1
74 2
313 2
186 2
174 2
773 2
718 1
639 2
755 1
347 1
135 1
849 1
17 2
761 2
900 1
765 2
99 2
551 2
985 2
668 2
887 2
762 2
322 1
287 1
254 1
61 2
734 1
50 2
238 1
75 1
989 1
89 2
673 2
764 2
115 1
352 1
745 1
813 2
397 2
264 1
80 1
251 1
592 2
869 2
546 2
837 2
774 2
86 1
561 1
654 2
858 2
295 1
269 1
98 1
566 1
482 1
946 1
433 1
389 1
218 1
112 2
243 1
577 2
868 2
593 1
787 1
339 1
256 2
136 2
753 1
405 1
998 2
923 2
94 1
593 1
678 1
970 1
562 1
737 1
979 2
34 2
267 2
26 2
809 2
747 1
32 2
307 1
333 2
812 2
896 2
423 2
89 2
874 1
30 2
225 1
433 1
690 2
960 1
971 1
217 2
298 2
490 2
595 1
65 2
931 1
920 1
900 2
831 2
674 1
280 1
986 1
608 2
413 1
515 1
710 1
216 1
236 2
261 2
374 2
646 1
71 2
306 1
445 2
734 1
489 1
333 2
584 2
794 1
935 1
478 1
313 1
418 2
513 2
631 1
461 1
577 2
631 1
394 2
672 1
423 1
297 2
986 1
652 1
927 2
746 2
264 1
340 2
427 1
214 1
772 1
174 1
432 1
448 2
374 1
99 2
549 2
662 1
151 2
270 1
531 1
289 1
458 2
27 1
816 2
6 1
152 2
588 1
618 2
991 1
913 2
759 2
188 2
775 1
140 1
825 1
576 2
668 2
127 1
670 2
636 1
454 1
247 2
770 1
846 1
671 1
826 1
634 2
890 2
979 1
174 2
64 1
939 1
375 1
88 2
810 1
346 2
169 2
814 2
927 1
744 1
441 1
785 2
659 2
563 1
300 1
211 2
934 2
58 1
354 1
453 1
23 2
641 2
787 2
821 2
809 2
720 2
496 1
317 1
467 1
198 1
97 1
349 2
952 2
149 2
921 2
966 1
93 1
330 2
425 2
962 1
286 1
206 2
347 2
339 2
427 1
200 1
744 2
631 2
108 1
229 2
882 1
48 2
236 1
16 1
517 2
145 1
754 1
250 1
174 1
28 1
55 2
346 2
65 1
434 2
345 1
612 2
485 2
107 1
429 2
470 1
678 2
47 1
203 1
889 1
380 2
21 1
603 2
91 1
171 1
284 2
171 2
764 2
570 2
526 1
136 1
728 1
828 1
494 2
807 2
281 2
575 1
101 2
618 2
959 2
886 2
649 1
450 2
208 1
121 1
510 1
36 2
487 2
921 2
558 2
669 2
155 1
69 1
199 2
276 1
682 2
579 1
493 2
850 2
964 2
99 1
307 2
422 1
548 2
71 1
114 2
115 2
141 2
645 1
257 2
710 2
3 1
855 2
470 1
824 1
663 2
833 1
829 1
5 1
221 1
338 2
687 1
730 2
656 2
373 2
19 2
976 1
577 1
151 1
760 1
164 2
268 2
747 2
713 1
778 2
442 1
148 1
968 1
531 1
772 1
785 1
53 1
504 1
67 1
193 2
352 1
323 1
613 1
214 1
28 1
17 1
163 2
151 1
128 1
115 1
519 1
457 2
16 2
542 2
209 1
830 2
631 1
71 2
87 2
312 2
947 2
780 2
835 1
101 1
695 1
630 1
122 2
81 1
960 1
851 2
520 2
968 1
186 2
755 1
621 2
566 2
533 2
439 2
843 2
760 1
471 2
467 1
156 2
768 1
495 2
21 1
789 1
51 2
966 1
265 1
831 1
925 1
167 2
59 1
952 1
909 2
135 2
360 1
974 2
308 1
521 1
484 2
773 2
87 1
899 2
425 2
486 2
69 2
325 1
921 2
761 1
57 2
962 2
757 2
940 1
671 1
570 2
650 2
739 1
460 2
589 1
717 2
214 2
705 2
567 2
303 2
539 1
763 1
844 1
875 1
209 2
835 1
677 2
22 1
569 1
544 1
478 2
967 2
142 1
352 1
157 1
955 2
409 2
30 1
591 2
494 2
319 1
51 1
341 2
9 1
682 2
465 1
960 2
360 1
640 2
874 1
70 2
445 2
190 2
619 2
297 1
350 2
871 2
597 1
600 2
463 1
608 2
826 2
915 2
701 1
741 1
243 2
698 2
332 1
93 1
975 2
305 1
404 1
723 1
148 2
669 2
94 1
195 1
769 2
158 2
301 2
144 2
115 2
500 2
671 1
175 1
929 2
485 2
58 1
613 1
823 1
228 2
127 2
296 2
